starting test: OpenMP ON with 4 threads... 
sN[S/L] = stride-N [store/load] 
pur  = pragma unroll 
mur  = manual unroll 
murv = manual unroll and vectorize 
A: 
         0.0
B: 
         0.0
A: 
         0.0         1.0
         2.0         3.0
B: 
         0.0         2.0
         1.0         3.0
A: 
         0.0         1.0         2.0
         3.0         4.0         5.0
         6.0         7.0         8.0
B: 
         0.0         3.0         6.0
         1.0         4.0         7.0
         2.0         5.0         8.0
A: 
         0.0         1.0         2.0         3.0
         4.0         5.0         6.0         7.0
         8.0         9.0        10.0        11.0
        12.0        13.0        14.0        15.0
B: 
         0.0         4.0         8.0        12.0
         1.0         5.0         9.0        13.0
         2.0         6.0        10.0        14.0
         3.0         7.0        11.0        15.0
A: 
         0.0         1.0         2.0         3.0         4.0
         5.0         6.0         7.0         8.0         9.0
        10.0        11.0        12.0        13.0        14.0
        15.0        16.0        17.0        18.0        19.0
        20.0        21.0        22.0        23.0        24.0
B: 
         0.0         5.0        10.0        15.0        20.0
         1.0         6.0        11.0        16.0        21.0
         2.0         7.0        12.0        17.0        22.0
         3.0         8.0        13.0        18.0        23.0
         4.0         9.0        14.0        19.0        24.0
A: 
         0.0         1.0         2.0         3.0         4.0         5.0
         6.0         7.0         8.0         9.0        10.0        11.0
        12.0        13.0        14.0        15.0        16.0        17.0
        18.0        19.0        20.0        21.0        22.0        23.0
        24.0        25.0        26.0        27.0        28.0        29.0
        30.0        31.0        32.0        33.0        34.0        35.0
B: 
         0.0         6.0        12.0        18.0        24.0        30.0
         1.0         7.0        13.0        19.0        25.0        31.0
         2.0         8.0        14.0        20.0        26.0        32.0
         3.0         9.0        15.0        21.0        27.0        33.0
         4.0        10.0        16.0        22.0        28.0        34.0
         5.0        11.0        17.0        23.0        29.0        35.0
A: 
         0.0         1.0         2.0         3.0         4.0         5.0         6.0
         7.0         8.0         9.0        10.0        11.0        12.0        13.0
        14.0        15.0        16.0        17.0        18.0        19.0        20.0
        21.0        22.0        23.0        24.0        25.0        26.0        27.0
        28.0        29.0        30.0        31.0        32.0        33.0        34.0
        35.0        36.0        37.0        38.0        39.0        40.0        41.0
        42.0        43.0        44.0        45.0        46.0        47.0        48.0
B: 
         0.0         7.0        14.0        21.0        28.0        35.0        42.0
         1.0         8.0        15.0        22.0        29.0        36.0        43.0
         2.0         9.0        16.0        23.0        30.0        37.0        44.0
         3.0        10.0        17.0        24.0        31.0        38.0        45.0
         4.0        11.0        18.0        25.0        32.0        39.0        46.0
         5.0        12.0        19.0        26.0        33.0        40.0        47.0
         6.0        13.0        20.0        27.0        34.0        41.0        48.0
A: 
         0.0         1.0         2.0         3.0         4.0         5.0         6.0         7.0
         8.0         9.0        10.0        11.0        12.0        13.0        14.0        15.0
        16.0        17.0        18.0        19.0        20.0        21.0        22.0        23.0
        24.0        25.0        26.0        27.0        28.0        29.0        30.0        31.0
        32.0        33.0        34.0        35.0        36.0        37.0        38.0        39.0
        40.0        41.0        42.0        43.0        44.0        45.0        46.0        47.0
        48.0        49.0        50.0        51.0        52.0        53.0        54.0        55.0
        56.0        57.0        58.0        59.0        60.0        61.0        62.0        63.0
B: 
         0.0         8.0        16.0        24.0        32.0        40.0        48.0        56.0
         1.0         9.0        17.0        25.0        33.0        41.0        49.0        57.0
         2.0        10.0        18.0        26.0        34.0        42.0        50.0        58.0
         3.0        11.0        19.0        27.0        35.0        43.0        51.0        59.0
         4.0        12.0        20.0        28.0        36.0        44.0        52.0        60.0
         5.0        13.0        21.0        29.0        37.0        45.0        53.0        61.0
         6.0        14.0        22.0        30.0        38.0        46.0        54.0        62.0
         7.0        15.0        23.0        31.0        39.0        47.0        55.0        63.0
A: 
         0.0         1.0         2.0         3.0         4.0         5.0         6.0         7.0         8.0
         9.0        10.0        11.0        12.0        13.0        14.0        15.0        16.0        17.0
        18.0        19.0        20.0        21.0        22.0        23.0        24.0        25.0        26.0
        27.0        28.0        29.0        30.0        31.0        32.0        33.0        34.0        35.0
        36.0        37.0        38.0        39.0        40.0        41.0        42.0        43.0        44.0
        45.0        46.0        47.0        48.0        49.0        50.0        51.0        52.0        53.0
        54.0        55.0        56.0        57.0        58.0        59.0        60.0        61.0        62.0
        63.0        64.0        65.0        66.0        67.0        68.0        69.0        70.0        71.0
        72.0        73.0        74.0        75.0        76.0        77.0        78.0        79.0        80.0
B: 
         0.0         9.0        18.0        27.0        36.0        45.0        54.0        63.0        72.0
         1.0        10.0        19.0        28.0        37.0        46.0        55.0        64.0        73.0
         2.0        11.0        20.0        29.0        38.0        47.0        56.0        65.0        74.0
         3.0        12.0        21.0        30.0        39.0        48.0        57.0        66.0        75.0
         4.0        13.0        22.0        31.0        40.0        49.0        58.0        67.0        76.0
         5.0        14.0        23.0        32.0        41.0        50.0        59.0        68.0        77.0
         6.0        15.0        24.0        33.0        42.0        51.0        60.0        69.0        78.0
         7.0        16.0        25.0        34.0        43.0        52.0        61.0        70.0        79.0
         8.0        17.0        26.0        35.0        44.0        53.0        62.0        71.0        80.0
A: 
         0.0         1.0         2.0         3.0         4.0         5.0         6.0         7.0         8.0         9.0
        10.0        11.0        12.0        13.0        14.0        15.0        16.0        17.0        18.0        19.0
        20.0        21.0        22.0        23.0        24.0        25.0        26.0        27.0        28.0        29.0
        30.0        31.0        32.0        33.0        34.0        35.0        36.0        37.0        38.0        39.0
        40.0        41.0        42.0        43.0        44.0        45.0        46.0        47.0        48.0        49.0
        50.0        51.0        52.0        53.0        54.0        55.0        56.0        57.0        58.0        59.0
        60.0        61.0        62.0        63.0        64.0        65.0        66.0        67.0        68.0        69.0
        70.0        71.0        72.0        73.0        74.0        75.0        76.0        77.0        78.0        79.0
        80.0        81.0        82.0        83.0        84.0        85.0        86.0        87.0        88.0        89.0
        90.0        91.0        92.0        93.0        94.0        95.0        96.0        97.0        98.0        99.0
B: 
         0.0        10.0        20.0        30.0        40.0        50.0        60.0        70.0        80.0        90.0
         1.0        11.0        21.0        31.0        41.0        51.0        61.0        71.0        81.0        91.0
         2.0        12.0        22.0        32.0        42.0        52.0        62.0        72.0        82.0        92.0
         3.0        13.0        23.0        33.0        43.0        53.0        63.0        73.0        83.0        93.0
         4.0        14.0        24.0        34.0        44.0        54.0        64.0        74.0        84.0        94.0
         5.0        15.0        25.0        35.0        45.0        55.0        65.0        75.0        85.0        95.0
         6.0        16.0        26.0        36.0        46.0        56.0        66.0        76.0        86.0        96.0
         7.0        17.0        27.0        37.0        47.0        57.0        67.0        77.0        87.0        97.0
         8.0        18.0        28.0        38.0        48.0        58.0        68.0        78.0        88.0        98.0
         9.0        19.0        29.0        39.0        49.0        59.0        69.0        79.0        89.0        99.0
timing in cycles (ratio relative to memcpy) 
   n   memcpy        loop copy      basic + s1S      basic + s1L    pur 4x4 + s1L    mur 4x4 + s1L   murv 4x4 + s1L 
   1       70       82 (  1.2)       78 (  1.1)       83 (  1.2)      135 (  1.9)    77098 (1101.4)      881 ( 12.6) 
   2       47      113 (  2.4)      106 (  2.3)      108 (  2.3)      149 (  3.2)      966 ( 20.6)      869 ( 18.5) 
   3       64      144 (  2.2)      136 (  2.1)      141 (  2.2)      181 (  2.8)      994 ( 15.5)      894 ( 14.0) 
   4       64      170 (  2.7)      168 (  2.6)      169 (  2.6)      541 (  8.5)     1629 ( 25.5)     1409 ( 22.0) 
   5       76      222 (  2.9)      213 (  2.8)      212 (  2.8)      749 (  9.9)     1697 ( 22.3)     1602 ( 21.1) 
   6       73      296 (  4.1)      293 (  4.0)      287 (  3.9)      840 ( 11.5)     1756 ( 24.1)     1689 ( 23.1) 
   7       95      374 (  3.9)      365 (  3.8)      363 (  3.8)      932 (  9.8)     1811 ( 19.1)     1775 ( 18.7) 
   8       97      440 (  4.5)      432 (  4.5)      431 (  4.4)      914 (  9.4)     1718 ( 17.7)     1487 ( 15.3) 
   9      161      532 (  3.3)      522 (  3.2)      521 (  3.2)     1218 (  7.6)     1825 ( 11.3)     1747 ( 10.9) 
  10      159      662 (  4.2)      638 (  4.0)      641 (  4.0)     1342 (  8.4)     1906 ( 12.0)     1905 ( 12.0) 
  11      176      776 (  4.4)      767 (  4.4)      758 (  4.3)     1481 (  8.4)     1984 ( 11.3)     2051 ( 11.7) 
  12      154      887 (  5.8)      870 (  5.6)      857 (  5.6)     1465 (  9.5)     1833 ( 11.9)     1567 ( 10.2) 
  13      188     1050 (  5.6)      990 (  5.3)      977 (  5.2)     1846 (  9.8)     1960 ( 10.4)     1888 ( 10.0) 
  14      175     1171 (  6.7)     1162 (  6.6)     1145 (  6.5)     2029 ( 11.6)     2054 ( 11.7)     2083 ( 11.9) 
  15      204     1315 (  6.4)     1327 (  6.5)     1310 (  6.4)     2227 ( 10.9)     2152 ( 10.5)     2284 ( 11.2) 
  16      170     1494 (  8.8)     1462 (  8.6)     1469 (  8.6)     2228 ( 13.1)     1951 ( 11.5)     1652 (  9.7) 
  17      214     1650 (  7.7)     1611 (  7.5)     1595 (  7.5)     2638 ( 12.3)     2081 (  9.7)     2028 (  9.5) 
  18      202     1898 (  9.4)     1852 (  9.2)     1818 (  9.0)     2874 ( 14.2)     2189 ( 10.8)     2288 ( 11.3) 
  19      229     2080 (  9.1)     2069 (  9.0)     2028 (  8.9)     3097 ( 13.5)     2313 ( 10.1)     2559 ( 11.2) 
  20      213     2250 ( 10.6)     2271 ( 10.7)     2194 ( 10.3)     3088 ( 14.5)     2449 ( 11.5)     2109 (  9.9) 
  21      254     2452 (  9.7)     2453 (  9.7)     2383 (  9.4)     3623 ( 14.3)     2619 ( 10.3)     2539 ( 10.0) 
  22      252     2743 ( 10.9)     2794 ( 11.1)     2665 ( 10.6)     3918 ( 15.5)     2748 ( 10.9)     2819 ( 11.2) 
  23      266     2938 ( 11.0)     3007 ( 11.3)     2924 ( 11.0)     4188 ( 15.7)     2907 ( 10.9)     3175 ( 11.9) 
  24      244     3205 ( 13.1)     3218 ( 13.2)     3218 ( 13.2)     4132 ( 16.9)     2669 ( 10.9)     2249 (  9.2) 
  25      291     3530 ( 12.1)     3465 ( 11.9)     3421 ( 11.8)     4762 ( 16.4)     2896 ( 10.0)     2748 (  9.4) 
  26      295     3788 ( 12.8)     3700 ( 12.5)     3829 ( 13.0)     5045 ( 17.1)     3086 ( 10.5)     3077 ( 10.4) 
  27      314     4056 ( 12.9)     3959 ( 12.6)     4133 ( 13.2)     5339 ( 17.0)     3230 ( 10.3)     3458 ( 11.0) 
  28      305     4375 ( 14.3)     4186 ( 13.7)     4367 ( 14.3)     5294 ( 17.4)     2907 (  9.5)     2366 (  7.8) 
  29      333     4754 ( 14.3)     4417 ( 13.3)     4663 ( 14.0)     6113 ( 18.4)     3143 (  9.4)     2950 (  8.9) 
  30      337     5014 ( 14.9)     4793 ( 14.2)     5049 ( 15.0)     6626 ( 19.7)     3285 (  9.7)     3335 (  9.9) 
  31      362     5301 ( 14.6)     5128 ( 14.2)     5377 ( 14.9)     7022 ( 19.4)     3483 (  9.6)     3776 ( 10.4) 
  32      353     5680 ( 16.1)     5377 ( 15.2)     5695 ( 16.1)     6945 ( 19.7)     3157 (  8.9)     2561 (  7.3) 
  33      390     6078 ( 15.6)     5701 ( 14.6)     5906 ( 15.1)     7606 ( 19.5)     3348 (  8.6)     3220 (  8.3) 
  34      400     6381 ( 16.0)     6117 ( 15.3)     6314 ( 15.8)     8005 ( 20.0)     3562 (  8.9)     3658 (  9.1) 
  35      430     6717 ( 15.6)     6500 ( 15.1)     6641 ( 15.4)     8432 ( 19.6)     3749 (  8.7)     4171 (  9.7) 
  36      433     7130 ( 16.5)     6809 ( 15.7)     6870 ( 15.9)     8277 ( 19.1)     4018 (  9.3)     3274 (  7.6) 
  37      474     7593 ( 16.0)     7144 ( 15.1)     7230 ( 15.3)     9201 ( 19.4)     4283 (  9.0)     3950 (  8.3) 
  38      485     7921 ( 16.3)     7667 ( 15.8)     7738 ( 16.0)     9722 ( 20.0)     4505 (  9.3)     4476 (  9.2) 
  39      510     8295 ( 16.3)     8112 ( 15.9)     8203 ( 16.1)    10266 ( 20.1)     4744 (  9.3)     5033 (  9.9) 
  40      494     8758 ( 17.7)     9202 ( 18.6)     8797 ( 17.8)    10312 ( 20.9)     4452 (  9.0)     3520 (  7.1) 
  41      545     9276 ( 17.0)     8999 ( 16.5)     8994 ( 16.5)    11107 ( 20.4)     4644 (  8.5)     4232 (  7.8) 
  42      560     9641 ( 17.2)     9936 ( 17.7)     9564 ( 17.1)    11659 ( 20.8)     4882 (  8.7)     4811 (  8.6) 
  43      592    10056 ( 17.0)    10720 ( 18.1)    10046 ( 17.0)    12229 ( 20.7)     5158 (  8.7)     5432 (  9.2) 
  44      584    10565 ( 18.1)    11195 ( 19.2)    10487 ( 18.0)    12202 ( 20.9)     4698 (  8.0)     3730 (  6.4) 
  45      631    11124 ( 17.6)    11843 ( 18.8)    10936 ( 17.3)    13281 ( 21.0)     4991 (  7.9)     4508 (  7.1) 
  46      630    11524 ( 18.3)    12491 ( 19.8)    11554 ( 18.3)    13923 ( 22.1)     5276 (  8.4)     5148 (  8.2) 
  47      675    11977 ( 17.7)    13153 ( 19.5)    12130 ( 18.0)    14588 ( 21.6)     5552 (  8.2)     5810 (  8.6) 
  48      662    12531 ( 18.9)    13611 ( 20.6)    12561 ( 19.0)    14392 ( 21.7)     4949 (  7.5)     3926 (  5.9) 
  49      720    13144 ( 18.3)    14168 ( 19.7)    13046 ( 18.1)    15546 ( 21.6)     5269 (  7.3)     4786 (  6.6) 
  50      722    13575 ( 18.8)    14802 ( 20.5)    13663 ( 18.9)    16147 ( 22.4)     5536 (  7.7)     5462 (  7.6) 
  51      769    14061 ( 18.3)    15471 ( 20.1)    14251 ( 18.5)    16847 ( 21.9)     5852 (  7.6)     6199 (  8.1) 
  52      767    14666 ( 19.1)    15931 ( 20.8)    14710 ( 19.2)    16739 ( 21.8)     6293 (  8.2)     4994 (  6.5) 
  53      820    15330 ( 18.7)    16527 ( 20.2)    15231 ( 18.6)    17994 ( 21.9)     6661 (  8.1)     5889 (  7.2) 
  54      834    15795 ( 18.9)    17241 ( 20.7)    15900 ( 19.1)    18690 ( 22.4)     6965 (  8.4)     6633 (  8.0) 
  55      865    16326 ( 18.9)    17950 ( 20.8)    16534 ( 19.1)    19432 ( 22.5)     7273 (  8.4)     7447 (  8.6) 
  56      860    16974 ( 19.7)    18453 ( 21.5)    17029 ( 19.8)    19185 ( 22.3)     6687 (  7.8)     5267 (  6.1) 
  57      924    17683 ( 19.1)    19095 ( 20.7)    17588 ( 19.0)    20509 ( 22.2)     7091 (  7.7)     6244 (  6.8) 
  58      941    18245 ( 19.4)    19878 ( 21.1)    18304 ( 19.5)    21204 ( 22.5)     7410 (  7.9)     7040 (  7.5) 
  59      977    18745 ( 19.2)    20628 ( 21.1)    18983 ( 19.4)    22013 ( 22.5)     7713 (  7.9)     7908 (  8.1) 
  60      981    19579 ( 20.0)    21155 ( 21.6)    19517 ( 19.9)    21878 ( 22.3)     7077 (  7.2)     5543 (  5.7) 
  61     1025    20341 ( 19.8)    21849 ( 21.3)    20109 ( 19.6)    23321 ( 22.8)     7516 (  7.3)     6602 (  6.4) 
  62     1043    20879 ( 20.0)    22665 ( 21.7)    20883 ( 20.0)    24108 ( 23.1)     7827 (  7.5)     7435 (  7.1) 
  63     1082    21487 ( 19.9)    23544 ( 21.8)    21604 ( 20.0)    24973 ( 23.1)     8164 (  7.5)     8355 (  7.7) 
  64     1088    26390 ( 24.3)    24285 ( 22.3)    26065 ( 24.0)    32425 ( 29.8)     7539 (  6.9)     5866 (  5.4) 
  65     1142    41994 ( 36.8)    64333 ( 56.3)    42266 ( 37.0)    44201 ( 38.7)     7853 (  6.9)     6928 (  6.1) 
  66     1165    43156 ( 37.0)    61085 ( 52.4)    43439 ( 37.3)    45148 ( 38.8)     8231 (  7.1)     7838 (  6.7) 
  67     1207    44384 ( 36.8)    75923 ( 62.9)    44710 ( 37.0)    46923 ( 38.9)     8628 (  7.1)     8812 (  7.3) 
  68     1225    45943 ( 37.5)    80071 ( 65.4)    46112 ( 37.6)    47115 ( 38.5)     9319 (  7.6)     7166 (  5.8) 
  69     1281    47317 ( 36.9)    84015 ( 65.6)    47618 ( 37.2)    49415 ( 38.6)     9826 (  7.7)     8326 (  6.5) 
  70     1307    48551 ( 37.1)    86053 ( 65.8)    48865 ( 37.4)    50504 ( 38.6)    10200 (  7.8)     9278 (  7.1) 
  71     1349    49852 ( 37.0)    88972 ( 66.0)    50209 ( 37.2)    52314 ( 38.8)    10626 (  7.9)    10332 (  7.7) 
  72     1347    51509 ( 38.2)    89788 ( 66.7)    51698 ( 38.4)    52504 ( 39.0)     9792 (  7.3)     7500 (  5.6) 
  73     1415    52965 ( 37.4)    94081 ( 66.5)    53294 ( 37.7)    55309 ( 39.1)    10214 (  7.2)     8729 (  6.2) 
  74     1444    54265 ( 37.6)    96210 ( 66.6)    54607 ( 37.8)    56206 ( 38.9)    10603 (  7.3)     9735 (  6.7) 
  75     1491    55639 ( 37.3)    99528 ( 66.8)    56033 ( 37.6)    58343 ( 39.1)    11063 (  7.4)    10848 (  7.3) 
  76     1501    57391 ( 38.2)   100055 ( 66.7)    57602 ( 38.4)    58444 ( 38.9)    10189 (  6.8)     7859 (  5.2) 
  77     1561    58922 ( 37.7)   104918 ( 67.2)    59291 ( 38.0)    61101 ( 39.1)    10736 (  6.9)     9149 (  5.9) 
  78     1576    60299 ( 38.3)   106909 ( 67.8)    60673 ( 38.5)    62219 ( 39.5)    11133 (  7.1)    10186 (  6.5) 
  79     1635    61747 ( 37.8)   111236 ( 68.0)    62174 ( 38.0)    64360 ( 39.4)    11602 (  7.1)    11391 (  7.0) 
  80     1637    63593 ( 38.8)   110947 ( 67.8)    63824 ( 39.0)    64392 ( 39.3)    10620 (  6.5)     8176 (  5.0) 
  81     1711    65206 ( 38.1)   116893 ( 68.3)    65604 ( 38.3)    67624 ( 39.5)    11198 (  6.5)     9543 (  5.6) 
  82     1731    66650 ( 38.5)   118168 ( 68.3)    67056 ( 38.7)    68526 ( 39.6)    11624 (  6.7)    10643 (  6.1) 
  83     1790    68172 ( 38.1)   121909 ( 68.1)    68637 ( 38.3)    71024 ( 39.7)    12121 (  6.8)    11890 (  6.6) 
  84     1804    70108 ( 38.9)   122272 ( 67.8)    70373 ( 39.0)    71029 ( 39.4)    12920 (  7.2)     9945 (  5.5) 
  85     1872    71799 ( 38.4)   127896 ( 68.3)    72228 ( 38.6)    74025 ( 39.5)    13530 (  7.2)    11324 (  6.0) 
  86     1902    73315 ( 38.5)   129949 ( 68.3)    73763 ( 38.8)    75199 ( 39.5)    13970 (  7.3)    12491 (  6.6) 
  87     1947    74918 ( 38.5)   134012 ( 68.8)    75413 ( 38.7)    77633 ( 39.9)    14491 (  7.4)    13814 (  7.1) 
  88     1959    76949 ( 39.3)   134195 ( 68.5)    77239 ( 39.4)    77692 ( 39.7)    13436 (  6.9)    10295 (  5.3) 
  89     2036    78722 ( 38.7)   139945 ( 68.7)    79182 ( 38.9)    81185 ( 39.9)    14085 (  6.9)    11790 (  5.8) 
  90     2069    80314 ( 38.8)   142514 ( 68.9)    80783 ( 39.0)    82168 ( 39.7)    14560 (  7.0)    13022 (  6.3) 
  91     2119    81984 ( 38.7)   146417 ( 69.1)    82516 ( 38.9)    84921 ( 40.1)    15085 (  7.1)    14384 (  6.8) 
  92     2139    84103 ( 39.3)   146466 ( 68.5)    84425 ( 39.5)    84859 ( 39.7)    14026 (  6.6)    10715 (  5.0) 
  93     2198    85954 ( 39.1)   152972 ( 69.6)    86454 ( 39.3)    88144 ( 40.1)    14662 (  6.7)    12258 (  5.6) 
  94     2231    87618 ( 39.3)   155357 ( 69.6)    88135 ( 39.5)    89464 ( 40.1)    15149 (  6.8)    13520 (  6.1) 
  95     2285    89362 ( 39.1)   160784 ( 70.4)    89936 ( 39.4)    92144 ( 40.3)    15712 (  6.9)    14978 (  6.6) 
  96     2308    91583 ( 39.7)   159769 ( 69.2)    91926 ( 39.8)    92165 ( 39.9)    14674 (  6.4)    11095 (  4.8) 
  97     2376    93513 ( 39.4)   167421 ( 70.5)    94051 ( 39.6)    95976 ( 40.4)    15215 (  6.4)    12729 (  5.4) 
  98     2415    95248 ( 39.4)   168859 ( 69.9)    95795 ( 39.7)    96921 ( 40.1)    15740 (  6.5)    14055 (  5.8) 
  99     2472    97065 ( 39.3)   173498 ( 70.2)    97677 ( 39.5)   100079 ( 40.5)    16312 (  6.6)    15549 (  6.3) 
 100     2505    99375 ( 39.7)   173393 ( 69.2)    99753 ( 39.8)    99925 ( 39.9)    17333 (  6.9)    13070 (  5.2) 
 101     2688    36623 ( 13.6)    57074 ( 21.2)    37054 ( 13.8)    38789 ( 14.4)    46076 ( 17.1)    36638 ( 13.6) 
 102     2734    37027 ( 13.5)    57990 ( 21.2)    37461 ( 13.7)    39197 ( 14.3)    48135 ( 17.6)    38263 ( 14.0) 
 103     2799    37636 ( 13.4)    59344 ( 21.2)    37663 ( 13.5)    38716 ( 13.8)    49190 ( 17.6)    41149 ( 14.7) 
 104     2793    38916 ( 13.9)    58781 ( 21.0)    38356 ( 13.7)    39818 ( 14.3)    43915 ( 15.7)    33875 ( 12.1) 
 105     2876    38603 ( 13.4)    61097 ( 21.2)    39047 ( 13.6)    40481 ( 14.1)    45565 ( 15.8)    36860 ( 12.8) 
 106     2945    39349 ( 13.4)    61565 ( 20.9)    39612 ( 13.5)    40905 ( 13.9)    46432 ( 15.8)    39190 ( 13.3) 
 107     2990    39663 ( 13.3)    63465 ( 21.2)    40433 ( 13.5)    41219 ( 13.8)    48323 ( 16.2)    41630 ( 13.9) 
 108     3013    41027 ( 13.6)    66131 ( 21.9)    40666 ( 13.5)    41877 ( 13.9)    38650 ( 12.8)    33156 ( 11.0) 
 109     3127    40920 ( 13.1)    65238 ( 20.9)    40904 ( 13.1)    42008 ( 13.4)    41590 ( 13.3)    36797 ( 11.8) 
 110     3144    41409 ( 13.2)    65555 ( 20.9)    41672 ( 13.3)    43390 ( 13.8)    41852 ( 13.3)    39802 ( 12.7) 
 111     3229    42008 ( 13.0)    67584 ( 20.9)    42290 ( 13.1)    43648 ( 13.5)    42751 ( 13.2)    42360 ( 13.1) 
 112     3227    42520 ( 13.2)    63617 ( 19.7)    42681 ( 13.2)    43728 ( 13.6)    47403 ( 14.7)    33779 ( 10.5) 
 113     3318    43177 ( 13.0)    69335 ( 20.9)    42593 ( 12.8)    45426 ( 13.7)    50270 ( 15.2)    38396 ( 11.6) 
 114     3344    43220 ( 12.9)    69640 ( 20.8)    43943 ( 13.1)    45308 ( 13.5)    51089 ( 15.3)    38855 ( 11.6) 
 115     3454    44062 ( 12.8)    71984 ( 20.8)    44238 ( 12.8)    46036 ( 13.3)    56384 ( 16.3)    41204 ( 11.9) 
 116     3457    45534 ( 13.2)    71579 ( 20.7)    45472 ( 13.2)    45947 ( 13.3)    47783 ( 13.8)    39499 ( 11.4) 
 117     3537    45123 ( 12.8)    73449 ( 20.8)    45310 ( 12.8)    47057 ( 13.3)    52489 ( 14.8)    39799 ( 11.3) 
 118     3591    46023 ( 12.8)    73842 ( 20.6)    46288 ( 12.9)    46830 ( 13.0)    56307 ( 15.7)    40969 ( 11.4) 
 119     3653    46643 ( 12.8)    76481 ( 20.9)    47023 ( 12.9)    48191 ( 13.2)    56957 ( 15.6)    44995 ( 12.3) 
 120     3704    47533 ( 12.8)    74352 ( 20.1)    47546 ( 12.8)    48376 ( 13.1)    47080 ( 12.7)    32539 (  8.8) 
 121     3794    47832 ( 12.6)    77029 ( 20.3)    47805 ( 12.6)    49493 ( 13.0)    52516 ( 13.8)    40419 ( 10.7) 
 122     3840    48662 ( 12.7)    79861 ( 20.8)    49079 ( 12.8)    50039 ( 13.0)    53343 ( 13.9)    41301 ( 10.8) 
 123     3916    49050 ( 12.5)    81104 ( 20.7)    49493 ( 12.6)    51068 ( 13.0)    55222 ( 14.1)    46003 ( 11.7) 
 124     3938    50047 ( 12.7)    83220 ( 21.1)    51215 ( 13.0)    51496 ( 13.1)    45463 ( 11.5)    35802 (  9.1) 
 125     4022    49963 ( 12.4)    82545 ( 20.5)    50241 ( 12.5)    51194 ( 12.7)    50936 ( 12.7)    38469 (  9.6) 
 126     4064    50929 ( 12.5)    82765 ( 20.4)    52368 ( 12.9)    52380 ( 12.9)    47900 ( 11.8)    41987 ( 10.3) 
 127     4144    51860 ( 12.5)    85834 ( 20.7)    52410 ( 12.6)    53170 ( 12.8)    50143 ( 12.1)    45313 ( 10.9) 
 128     4189    52927 ( 12.6)   227399 ( 54.3)    54949 ( 13.1)    54827 ( 13.1)    50745 ( 12.1)    36173 (  8.6) 
 129     4267    53301 ( 12.5)    87015 ( 20.4)    54032 ( 12.7)    54519 ( 12.8)    52624 ( 12.3)    40556 (  9.5) 
 130     4325    53988 ( 12.5)    89028 ( 20.6)    54354 ( 12.6)    54542 ( 12.6)    56778 ( 13.1)    43844 ( 10.1) 
 131     4398    54762 ( 12.5)    90039 ( 20.5)    55076 ( 12.5)    56189 ( 12.8)    55801 ( 12.7)    45540 ( 10.4) 
 132     4437    55257 ( 12.5)    89766 ( 20.2)    57009 ( 12.8)    57077 ( 12.9)    52141 ( 11.8)    36231 (  8.2) 
 133     4525    55777 ( 12.3)    91168 ( 20.1)    56118 ( 12.4)    59218 ( 13.1)    54352 ( 12.0)    40479 (  8.9) 
 134     4588    56542 ( 12.3)    92211 ( 20.1)    57202 ( 12.5)    57800 ( 12.6)    57306 ( 12.5)    46686 ( 10.2) 
 135     4664    57195 ( 12.3)    95386 ( 20.5)    57531 ( 12.3)    58648 ( 12.6)    59176 ( 12.7)    46488 ( 10.0) 
 136     4688    57820 ( 12.3)    92890 ( 19.8)    58711 ( 12.5)    59585 ( 12.7)    50583 ( 10.8)    30055 (  6.4) 
 137     4843    58451 ( 12.1)    96095 ( 19.8)    59089 ( 12.2)    59754 ( 12.3)    54377 ( 11.2)    36015 (  7.4) 
 138     4884    59375 ( 12.2)    98898 ( 20.2)    59646 ( 12.2)    60107 ( 12.3)    55457 ( 11.4)    40628 (  8.3) 
 139     4954    60474 ( 12.2)   100173 ( 20.2)    60670 ( 12.2)    61492 ( 12.4)    56762 ( 11.5)    45947 (  9.3) 
 140     4997    60871 ( 12.2)   102624 ( 20.5)    61038 ( 12.2)    62232 ( 12.5)    52139 ( 10.4)    35821 (  7.2) 
 141     5116    61299 ( 12.0)   101303 ( 19.8)    61579 ( 12.0)    63015 ( 12.3)    54239 ( 10.6)    40875 (  8.0) 
 142     5139    62109 ( 12.1)   102203 ( 19.9)    62862 ( 12.2)    62698 ( 12.2)    56038 ( 10.9)    42760 (  8.3) 
 143     5206    62897 ( 12.1)   105586 ( 20.3)    63548 ( 12.2)    64558 ( 12.4)    57160 ( 11.0)    44906 (  8.6) 
 144     5261    63906 ( 12.1)    99428 ( 18.9)    64284 ( 12.2)    63759 ( 12.1)    55983 ( 10.6)    38909 (  7.4) 
 145     5383    64085 ( 11.9)   106867 ( 19.9)    64495 ( 12.0)    64866 ( 12.1)    59328 ( 11.0)    44311 (  8.2) 
 146     5431    65043 ( 12.0)   109156 ( 20.1)    65342 ( 12.0)    65105 ( 12.0)    61526 ( 11.3)    45498 (  8.4) 
 147     5529    65901 ( 11.9)   110725 ( 20.0)    66334 ( 12.0)    66853 ( 12.1)    62389 ( 11.3)    51441 (  9.3) 
 148     5581    66639 ( 11.9)   109473 ( 19.6)    66944 ( 12.0)    65958 ( 11.8)    56133 ( 10.1)    34070 (  6.1) 
 149     5682    67128 ( 11.8)   111977 ( 19.7)    67063 ( 11.8)    67390 ( 11.9)    59662 ( 10.5)    45554 (  8.0) 
 150     5710    67977 ( 11.9)   113566 ( 19.9)    68264 ( 12.0)    68735 ( 12.0)    60251 ( 10.6)    49990 (  8.8) 
 151     5838    68668 ( 11.8)   116175 ( 19.9)    69086 ( 11.8)    70077 ( 12.0)    62937 ( 10.8)    51865 (  8.9) 
 152     5849    69719 ( 11.9)   115230 ( 19.7)    69744 ( 11.9)    69966 ( 12.0)    55954 (  9.6)    37241 (  6.4) 
 153     5977    70185 ( 11.7)   117662 ( 19.7)    70490 ( 11.8)    71136 ( 11.9)    58773 (  9.8)    41847 (  7.0) 
 154     6050    71095 ( 11.8)   120815 ( 20.0)    71507 ( 11.8)    73073 ( 12.1)    60306 ( 10.0)    45289 (  7.5) 
 155     6097    72217 ( 11.8)   121996 ( 20.0)    72039 ( 11.8)    72891 ( 12.0)    62877 ( 10.3)    52162 (  8.6) 
 156     6142    72786 ( 11.9)   125554 ( 20.4)    72866 ( 11.9)    72989 ( 11.9)    55640 (  9.1)    35472 (  5.8) 
 157     6259    73617 ( 11.8)   123202 ( 19.7)    73612 ( 11.8)    73937 ( 11.8)    59068 (  9.4)    42653 (  6.8) 
 158     6310    74260 ( 11.8)   124829 ( 19.8)    74875 ( 11.9)    74692 ( 11.8)    60012 (  9.5)    44987 (  7.1) 
 159     6406    75045 ( 11.7)   128293 ( 20.0)    75242 ( 11.7)    76170 ( 11.9)    62035 (  9.7)    48975 (  7.6) 
 160     6454    75802 ( 11.7)   350543 ( 54.3)    76374 ( 11.8)    75698 ( 11.7)    60731 (  9.4)    40145 (  6.2) 
 161     6571    76472 ( 11.6)   129808 ( 19.8)    76366 ( 11.6)    76452 ( 11.6)    63502 (  9.7)    48945 (  7.4) 
 162     6665    77374 ( 11.6)   132397 ( 19.9)    77772 ( 11.7)    78364 ( 11.8)    65178 (  9.8)    47999 (  7.2) 
 163     6736    78224 ( 11.6)   133343 ( 19.8)    78416 ( 11.6)    79871 ( 11.9)    67872 ( 10.1)    56426 (  8.4) 
 164     6809    78808 ( 11.6)   133432 ( 19.6)    79060 ( 11.6)    78503 ( 11.5)    58824 (  8.6)    37999 (  5.6) 
 165     6881    79699 ( 11.6)   135137 ( 19.6)    79879 ( 11.6)    80964 ( 11.8)    62959 (  9.1)    44364 (  6.4) 
 166     7042    80649 ( 11.5)   136672 ( 19.4)    81304 ( 11.5)    81903 ( 11.6)    63093 (  9.0)    52685 (  7.5) 
 167     7087    81685 ( 11.5)   139643 ( 19.7)    81777 ( 11.5)    82421 ( 11.6)    65832 (  9.3)    50559 (  7.1) 
 168     7104    82528 ( 11.6)   137401 ( 19.3)    82514 ( 11.6)    82222 ( 11.6)    59140 (  8.3)    40153 (  5.7) 
 169     7296    82805 ( 11.3)   141100 ( 19.3)    83080 ( 11.4)    83984 ( 11.5)    61949 (  8.5)    44979 (  6.2) 
 170     7349    84130 ( 11.4)   144415 ( 19.7)    84609 ( 11.5)    84175 ( 11.5)    63503 (  8.6)    47244 (  6.4) 
 171     7465    84949 ( 11.4)   145756 ( 19.5)    85234 ( 11.4)    86823 ( 11.6)    66001 (  8.8)    55530 (  7.4) 
 172     7449    85728 ( 11.5)   148991 ( 20.0)    85467 ( 11.5)    85487 ( 11.5)    58207 (  7.8)    39073 (  5.2) 
 173     7642    86076 ( 11.3)   147389 ( 19.3)    86505 ( 11.3)    87843 ( 11.5)    62180 (  8.1)    44545 (  5.8) 
 174     7684    87413 ( 11.4)   148871 ( 19.4)    88030 ( 11.5)    88409 ( 11.5)    65525 (  8.5)    46663 (  6.1) 
 175     7800    88380 ( 11.3)   152779 ( 19.6)    88624 ( 11.4)    89383 ( 11.5)    66726 (  8.6)    51758 (  6.6) 
 176     7887    89406 ( 11.3)   146135 ( 18.5)    89401 ( 11.3)    88606 ( 11.2)    61012 (  7.7)    40764 (  5.2) 
 177     7989    89538 ( 11.2)   154708 ( 19.4)    89615 ( 11.2)    90124 ( 11.3)    67103 (  8.4)    47191 (  5.9) 
 178     8062    91049 ( 11.3)   156968 ( 19.5)    92060 ( 11.4)    92189 ( 11.4)    68654 (  8.5)    49520 (  6.1) 
 179     8191    92182 ( 11.3)   158517 ( 19.4)    92100 ( 11.2)    92156 ( 11.3)    70206 (  8.6)    55358 (  6.8) 
 180     8250    93118 ( 11.3)   158095 ( 19.2)    92947 ( 11.3)    93892 ( 11.4)    60310 (  7.3)    40115 (  4.9) 
 181     8394    93441 ( 11.1)   160261 ( 19.1)    93517 ( 11.1)    97078 ( 11.6)    64250 (  7.7)    49213 (  5.9) 
 182    17728    94792 (  5.3)   161753 (  9.1)    95192 (  5.4)    95766 (  5.4)    66224 (  3.7)    51027 (  2.9) 
 183    18401    95573 (  5.2)   164883 (  9.0)    95837 (  5.2)    96425 (  5.2)    68036 (  3.7)    55571 (  3.0) 
 184    18559    96359 (  5.2)   161897 (  8.7)    96888 (  5.2)    97314 (  5.2)    61232 (  3.3)    40726 (  2.2) 
 185    18833    96498 (  5.1)   166760 (  8.9)    96704 (  5.1)    97710 (  5.2)    64850 (  3.4)    46353 (  2.5) 
 186    18997    98275 (  5.2)   170132 (  9.0)    99051 (  5.2)    98078 (  5.2)    65871 (  3.5)    50781 (  2.7) 
 187    19186    99041 (  5.2)   171820 (  9.0)    99502 (  5.2)   100148 (  5.2)    68464 (  3.6)    57412 (  3.0) 
 188    19359    99727 (  5.2)   175398 (  9.1)   100768 (  5.2)   100130 (  5.2)    64417 (  3.3)    41530 (  2.1) 
 189    19578   100622 (  5.1)   174245 (  8.9)   100838 (  5.2)   101250 (  5.2)    66448 (  3.4)    49007 (  2.5) 
 190    19780   102273 (  5.2)   175001 (  8.8)   102609 (  5.2)   101710 (  5.1)    68883 (  3.5)    51553 (  2.6) 
 191    20007   102923 (  5.1)   178945 (  8.9)   103147 (  5.2)   104535 (  5.2)    70674 (  3.5)    57394 (  2.9) 
 192    20169   104113 (  5.2)   500837 ( 24.8)   104405 (  5.2)   103890 (  5.2)    67008 (  3.3)    45330 (  2.2) 
 193    20404   104925 (  5.1)   182669 (  9.0)   104547 (  5.1)   104578 (  5.1)    71944 (  3.5)    51093 (  2.5) 
 194    20588   106037 (  5.2)   183971 (  8.9)   106421 (  5.2)   105793 (  5.1)    73983 (  3.6)    52602 (  2.6) 
 195    20822   106679 (  5.1)   185452 (  8.9)   107168 (  5.1)   107484 (  5.2)    75066 (  3.6)    59579 (  2.9) 
 196    21018   107775 (  5.1)   184624 (  8.8)   107676 (  5.1)   106944 (  5.1)    64095 (  3.0)    41285 (  2.0) 
 197    21358   108121 (  5.1)   188285 (  8.8)   108505 (  5.1)   109468 (  5.1)    72629 (  3.4)    54030 (  2.5) 
 198    21445   109929 (  5.1)   188752 (  8.8)   110865 (  5.2)   110100 (  5.1)    71252 (  3.3)    56845 (  2.7) 
 199    21649   110799 (  5.1)   192610 (  8.9)   111156 (  5.1)   111597 (  5.2)    74295 (  3.4)    60252 (  2.8) 
 200    21824   111924 (  5.1)   189381 (  8.7)   112830 (  5.2)   112155 (  5.1)    67179 (  3.1)    43109 (  2.0) 
 201    22048   112697 (  5.1)   194960 (  8.8)   112831 (  5.1)   114221 (  5.2)    70367 (  3.2)    49475 (  2.2) 
 202    22263   114157 (  5.1)   198203 (  8.9)   114509 (  5.1)   114184 (  5.1)    73642 (  3.3)    52921 (  2.4) 
 203    22495   114868 (  5.1)   201974 (  9.0)   114996 (  5.1)   116518 (  5.2)    75082 (  3.3)    61172 (  2.7) 
 204    22690   115981 (  5.1)   203281 (  9.0)   116009 (  5.1)   116780 (  5.1)    68969 (  3.0)    43083 (  1.9) 
 205    22935   116119 (  5.1)   202461 (  8.8)   116702 (  5.1)   117683 (  5.1)    71372 (  3.1)    51109 (  2.2) 
 206    23093   118007 (  5.1)   203016 (  8.8)   119037 (  5.2)   117732 (  5.1)    73716 (  3.2)    54931 (  2.4) 
 207    23368   118877 (  5.1)   208399 (  8.9)   119058 (  5.1)   119499 (  5.1)    75195 (  3.2)    59130 (  2.5) 
 208    23536   120107 (  5.1)   200835 (  8.5)   120825 (  5.1)   119403 (  5.1)    72394 (  3.1)    46363 (  2.0) 
 209    23805   120364 (  5.1)   211320 (  8.9)   121265 (  5.1)   121123 (  5.1)    77084 (  3.2)    52957 (  2.2) 
 210    24006   122386 (  5.1)   213103 (  8.9)   123302 (  5.1)   124121 (  5.2)    78367 (  3.3)    55490 (  2.3) 
 211    24293   123317 (  5.1)   214821 (  8.8)   123576 (  5.1)   125585 (  5.2)    80005 (  3.3)    64174 (  2.6) 
 212    24412   124370 (  5.1)   213658 (  8.8)   124696 (  5.1)   124329 (  5.1)    72080 (  3.0)    47835 (  2.0) 
 213    24835   124658 (  5.0)   217460 (  8.8)   125735 (  5.1)   127015 (  5.1)    78174 (  3.1)    54722 (  2.2) 
 214    24872   126693 (  5.1)   218209 (  8.8)   127023 (  5.1)   127545 (  5.1)    77487 (  3.1)    61571 (  2.5) 
 215    25159   127316 (  5.1)   222298 (  8.8)   127727 (  5.1)   128982 (  5.1)    81932 (  3.3)    63696 (  2.5) 
 216    25344   128192 (  5.1)   218763 (  8.6)   129013 (  5.1)   127424 (  5.0)    72217 (  2.8)    46378 (  1.8) 
 217    25591   128386 (  5.0)   225372 (  8.8)   128817 (  5.0)   130471 (  5.1)    76003 (  3.0)    53789 (  2.1) 
 218    25843   130755 (  5.1)   228634 (  8.8)   131646 (  5.1)   131143 (  5.1)    78551 (  3.0)    56962 (  2.2) 
 219    26068   132085 (  5.1)   230720 (  8.9)   131923 (  5.1)   131936 (  5.1)    80898 (  3.1)    64617 (  2.5) 
 220    26276   132850 (  5.1)   234037 (  8.9)   134044 (  5.1)   133993 (  5.1)    72053 (  2.7)    46962 (  1.8) 
 221    26555   133439 (  5.0)   233309 (  8.8)   133559 (  5.0)   135994 (  5.1)    72947 (  2.7)    53455 (  2.0) 
 222    26765   135515 (  5.1)   233731 (  8.7)   135915 (  5.1)   136196 (  5.1)    77550 (  2.9)    56551 (  2.1) 
 223    27007   136050 (  5.0)   239443 (  8.9)   136538 (  5.1)   138157 (  5.1)    80039 (  3.0)    63426 (  2.3) 
 224    27216   137254 (  5.0)   678004 ( 24.9)   137492 (  5.1)   137039 (  5.0)    77633 (  2.9)    49029 (  1.8) 
 225    27498   137471 (  5.0)   242463 (  8.8)   137485 (  5.0)   139066 (  5.1)    80891 (  2.9)    54912 (  2.0) 
 226    27707   139762 (  5.0)   244675 (  8.8)   140486 (  5.1)   140586 (  5.1)    82800 (  3.0)    58037 (  2.1) 
 227    27963   140763 (  5.0)   246251 (  8.8)   140874 (  5.0)   142760 (  5.1)    86454 (  3.1)    65926 (  2.4) 
 228    28172   141900 (  5.0)   244644 (  8.7)   142033 (  5.0)   141696 (  5.0)    76297 (  2.7)    50674 (  1.8) 
 229    28470   142376 (  5.0)   249693 (  8.8)   144118 (  5.1)   144585 (  5.1)    80122 (  2.8)    57845 (  2.0) 
 230    28697   144563 (  5.0)   249904 (  8.7)   146727 (  5.1)   145398 (  5.1)    81977 (  2.9)    62614 (  2.2) 
 231    28966   145303 (  5.0)   254149 (  8.8)   147552 (  5.1)   148354 (  5.1)    84312 (  2.9)    66338 (  2.3) 
 232    29146   146971 (  5.0)   250741 (  8.6)   148096 (  5.1)   148103 (  5.1)    76031 (  2.6)    49915 (  1.7) 
 233    29441   146388 (  5.0)   257699 (  8.8)   148499 (  5.0)   148173 (  5.0)    79973 (  2.7)    54773 (  1.9) 
 234    29705   148897 (  5.0)   260945 (  8.8)   151725 (  5.1)   150182 (  5.1)    82791 (  2.8)    61833 (  2.1) 
 235    29964   149647 (  5.0)   265521 (  8.9)   150078 (  5.0)   151999 (  5.1)    84811 (  2.8)    67647 (  2.3) 
 236    30153   150952 (  5.0)   269382 (  8.9)   151102 (  5.0)   151176 (  5.0)    75655 (  2.5)    51326 (  1.7) 
 237    30455   151703 (  5.0)   268158 (  8.8)   156038 (  5.1)   153460 (  5.0)    80308 (  2.6)    56630 (  1.9) 
 238    30684   154130 (  5.0)   268822 (  8.8)   156537 (  5.1)   154156 (  5.0)    81186 (  2.6)    65058 (  2.1) 
 239    30950   155392 (  5.0)   275165 (  8.9)   157109 (  5.1)   157127 (  5.1)    85690 (  2.8)    68918 (  2.2) 
 240    31161   156250 (  5.0)   264307 (  8.5)   157905 (  5.1)   155485 (  5.0)    77783 (  2.5)    52305 (  1.7) 
 241    31600   156376 (  4.9)   278232 (  8.8)   158482 (  5.0)   158021 (  5.0)    83794 (  2.7)    58561 (  1.9) 
 242    31691   158863 (  5.0)   280052 (  8.8)   160995 (  5.1)   160954 (  5.1)    85494 (  2.7)    65984 (  2.1) 
 243    31957   159287 (  5.0)   282568 (  8.8)   161841 (  5.1)   161652 (  5.1)    87260 (  2.7)    71080 (  2.2) 
 244    32229   160788 (  5.0)   281165 (  8.7)   162682 (  5.0)   160699 (  5.0)    80604 (  2.5)    56763 (  1.8) 
 245    32453   161207 (  5.0)   285944 (  8.8)   163027 (  5.0)   164839 (  5.1)    84585 (  2.6)    65571 (  2.0) 
 246    32762   163666 (  5.0)   286291 (  8.7)   166267 (  5.1)   164938 (  5.0)    86565 (  2.6)    68217 (  2.1) 
 247    33009   164747 (  5.0)   291367 (  8.8)   166908 (  5.1)   167249 (  5.1)    89454 (  2.7)    74305 (  2.3) 
 248    33220   166026 (  5.0)   286184 (  8.6)   167960 (  5.1)   165987 (  5.0)    80563 (  2.4)    57505 (  1.7) 
 249    33574   166141 (  4.9)   294086 (  8.8)   168743 (  5.0)   167666 (  5.0)    84419 (  2.5)    65673 (  2.0) 
 250    33811   168469 (  5.0)   298261 (  8.8)   171258 (  5.1)   169238 (  5.0)    87226 (  2.6)    70073 (  2.1) 
 251    34093   169391 (  5.0)   300396 (  8.8)   171645 (  5.0)   171654 (  5.0)    89548 (  2.6)    75158 (  2.2) 
 252    34339   170317 (  5.0)   303731 (  8.8)   172472 (  5.0)   170049 (  5.0)    80921 (  2.4)    58975 (  1.7) 
 253    34590   170814 (  4.9)   303457 (  8.8)   173263 (  5.0)   173008 (  5.0)    85280 (  2.5)    64382 (  1.9) 
 254    34995   173616 (  5.0)   304600 (  8.7)   175829 (  5.0)   174124 (  5.0)    86498 (  2.5)    70220 (  2.0) 
 255    35119   174455 (  5.0)   309297 (  8.8)   176840 (  5.0)   176535 (  5.0)    89205 (  2.5)    75050 (  2.1) 
 256    35404   176263 (  5.0)   885565 ( 25.0)   197353 (  5.6)   199104 (  5.6)    82829 (  2.3)    59054 (  1.7) 
 257    35689   175770 (  4.9)   315455 (  8.8)   178687 (  5.0)   178605 (  5.0)    88774 (  2.5)    66181 (  1.9) 
 258    35957   178791 (  5.0)   316522 (  8.8)   181504 (  5.0)   178723 (  5.0)    90125 (  2.5)    71066 (  2.0) 
